135
-1.43949 5.88021 20.9379 -88.5 -6.25
-1.42323 5.81218 20.317 -88.5 -6.25
-1.40805 5.7487 19.7375 -88.5 -6.25
-1.38853 5.66703 18.992 -88.5 -6.25
-1.36902 5.58538 18.2468 -88.5 -6.25
-1.35491 5.52636 17.708 -88.5 -6.25
-1.33756 5.45378 17.0456 -88.5 -6.25
-1.31695 5.36755 16.2584 -88.5 -6.25
-1.29959 5.29491 15.5954 -88.5 -6.25
-1.28114 5.21772 14.8908 -88.5 -6.25
-1.26271 5.14062 14.1871 -88.5 -6.25
-1.24319 5.05895 13.4416 -88.5 -6.25
-1.22692 4.99087 12.8202 -88.5 -6.25
-1.2074 4.90919 12.0746 -88.5 -6.25
-1.19005 4.83661 11.4121 -88.5 -6.25
-1.19005 4.83661 11.4121 -88.5 -6.25
-1.17488 4.77314 10.8328 -88.5 -6.25
-1.1586 4.70504 10.2112 -88.5 -6.25
1.33869 4.69904 10.3281 -110.75 0.75
2.11797 4.69904 10.0329 -110.75 0.75
2.93631 4.69904 9.72283 -110.75 0.75
3.7941 4.69904 9.39785 -110.75 0.75
4.57306 4.69904 9.10273 -110.75 0.75
5.64313 4.69904 8.05172 -137 1
6.12592 4.69904 7.53399 -137 1
6.77953 4.69904 6.83308 -137 1
7.60404 4.69904 5.94891 -137 1
8.20051 4.69904 5.30926 -137 1
8.88261 4.69904 4.57781 -137 1
9.59248 4.69904 3.81657 -137 1
10.6752 4.69904 0.208367 -172 0.75
10.7853 4.69904 -0.575222 -172 0.75
10.9071 4.69904 -1.44184 -172 0.75
11.0289 4.69904 -2.3084 -172 0.75
11.1449 4.69904 -3.13383 -172 0.75
11.2783 4.69904 -4.0829 -172 0.75
11.3886 4.69904 -4.86753 -172 0.75
11.3768 4.69904 -6.24304 -180.25 -0.25
-0.772879 6.85266 6.58906 -89.25 -1.25
-0.772879 6.85266 6.58906 -90.25 -2.75
-0.775967 6.81867 5.88135 -90.25 -2.75
-0.778146 6.79468 5.38196 -90.25 -2.75
-0.780325 6.77069 4.88257 -90.25 -2.75
-0.782506 6.74668 4.38264 -90.25 -2.75
-0.782506 6.74668 4.38264 -90.25 -2.75
-0.769308 9.51177 4.62007 -86.5 -25.75
-0.737223 9.25827 4.09548 -86.5 -25.75
-0.707395 9.0226 3.60781 -86.5 -25.75
-0.675315 8.76914 3.0833 -86.5 -25.75
-0.647844 8.55209 2.63415 -86.5 -25.75
-0.615736 8.29841 2.10919 -86.5 -25.75
-0.583699 8.04528 1.58539 -86.5 -25.75
-0.583699 8.04528 1.58539 -83.75 -11.25
-0.52591 7.9397 1.05773 -83.75 -11.25
-0.472565 7.84223 0.570636 -83.75 -11.25
-0.423678 7.75291 0.124248 -83.75 -11.25
-0.361442 7.63919 -0.444025 -83.75 -11.25
-0.361442 7.63919 -0.444025 -93 -10.25
-0.361442 7.63919 -0.444025 -101 -8
-0.361442 7.63919 -0.444025 -111 -6.5
-0.361442 7.63919 -0.444025 -114.25 -6.5
-0.361442 7.63919 -0.444025 -117.5 -6
-0.361442 7.63919 -0.444025 -121.75 -6.5
-0.361442 7.63919 -0.444025 -126 -7.25
-0.361442 7.63919 -0.444025 -131 -7.25
-0.361442 7.63919 -0.444025 -134.75 -7
-0.361442 7.63919 -0.444025 -138.75 -5.5
-0.361442 7.63919 -0.444025 -143.5 -5.5
-0.361442 7.63919 -0.444025 -149.25 -5.75
-0.361442 7.63919 -0.444025 -153.75 -5.75
-0.361442 7.63919 -0.444025 -159.5 -5.75
-0.361442 7.63919 -0.444025 -163.5 -5.25
-0.361442 7.63919 -0.444025 -168.75 -4.5
-0.361442 7.63919 -0.444025 -173.5 -4.5
-0.361442 7.63919 -0.444025 -178.25 -4.75
-2.81893 5.87583 3.26814 -84.5 -6.25
-2.77528 5.82596 2.81483 -84.5 -6.25
-2.72764 5.77152 2.32003 -84.5 -6.25
-2.67212 5.70808 1.74342 -84.5 -6.25
-2.63638 5.66724 1.37228 -84.5 -6.25
-2.58476 5.60826 0.836213 -84.5 -6.25
-2.53717 5.55387 0.341911 -84.5 -6.25
-2.53717 5.55387 0.341911 -107.75 -3.25
-1.86245 5.55387 0.125934 -107.75 -3.25
-1.34609 5.55387 -0.0393558 -107.75 -3.25
-0.82968 5.55387 -0.20466 -107.75 -3.25
-0.274251 5.55387 -0.382454 -107.75 -3.25
0.162288 5.55387 -0.522191 -107.75 -3.25
-0.624608 5.55387 -0.486743 -63.75 -1.25
-0.790427 5.56205 -0.150496 -63.75 -1.25
-1.02995 5.57387 0.335199 -63.75 -1.25
-1.66536 5.57387 0.0218459 -63.75 -1.25
-2.26445 5.57387 -0.273589 -63.75 -1.25
-2.9006 5.57387 -0.587307 -63.75 -1.25
-3.16957 5.54842 -2.02059 -63.75 -1.25
-2.10167 5.86359 4.17292 -91.25 -4.25
-2.26174 6.04019 7.02751 -78.75 3.5
-2.79287 6.04019 6.92186 -78.75 3.5
-3.61071 6.04019 6.75918 -78.75 3.5
-4.26468 6.04019 6.6291 -78.75 3.5
-5.04121 6.04019 6.47464 -78.75 3.5
-5.9 6.04019 6.30382 -78.75 3.5
-6.59482 6.04019 6.16561 -78.75 3.5
-7.45262 6.04019 5.99498 -78.75 3.5
-8.43397 6.04019 5.79978 -78.75 3.5
-9.55094 6.04019 4.93786 -45.75 2.5
-9.79879 6.06202 3.9982 -45.75 2.5
-10.3361 6.06202 3.47473 -45.75 2.5
-10.4115 6.09653 2.29799 -45.75 2.5
-10.9783 6.09653 1.74584 -45.75 2.5
-10.962 6.12744 0.773463 -45.75 2.5
-11.1795 6.14745 -0.0781196 -45.75 2.5
-12.0166 6.06128 -0.726118 -4.25 6.25
-12.0721 6.06128 -1.4736 -4.25 6.25
-12.1246 6.06128 -2.17954 -4.25 6.25
-12.1802 6.06128 -2.92802 -4.25 6.25
-12.2358 6.06128 -3.67605 -4.25 6.25
-12.2914 6.06128 -4.4239 -4.25 6.25
-12.3501 6.06128 -5.21384 -4.25 6.25
-12.5073 8.96674 -5.15128 -5.25 -6.5
-11.8885 8.89594 -5.20813 -5.25 -6.5
-11.1051 8.8063 -5.28012 -5.25 -6.5
-10.1983 8.70256 -5.36344 -5.25 -6.5
-10.2517 8.70256 -5.94455 -5.25 -6.5
-10.3013 8.70256 -6.48445 -5.25 -6.5
-8.94053 8.54685 -6.60949 -5.25 -6.5
-8.60801 8.50444 -7.05864 -5.25 -6.5
-1.81546 11.0844 14.0252 -87.9956 -15.7501
1.32703 13.7074 1.05827 -110.246 -31.2501
1.32703 13.7074 1.05827 -109.746 -32.0001
1.32703 13.7074 1.05827 -117.746 -29.2501
1.32703 13.7074 1.05827 -136.746 -41.0001
1.32703 13.7074 1.05827 -121.496 -42.5001
1.32703 13.7074 1.05827 -102.996 -44.0001
-0.883782 10.2908 13.5188 -89.7456 -13.5001
